-0.776950900823		-0.601454705601		[-0.0390318]		[-0.74387154]
-0.0840334122401		0.256437749409		[-0.2549766]		[ 0.21686183]
-0.276880459727		-0.753249066597		[ 0.03999957]		[-0.95765462]
0.863161874516		-0.805442638567		[ 0.0474007]		[ 0.05736058]
-0.249459822275		-0.894224350563		[-0.65976421]		[-1.50064926]
0.608656699396		-0.780455441411		[ 0.02607953]		[-0.65808125]
0.0309312149322		0.903548693008		[ 0.65840512]		[-0.23101597]
-0.122327281782		0.231674090712		[-0.42507863]		[ 0.07427357]
-0.117152257282		-0.322051380027		[-0.3336653]		[-0.13499072]
0.670326336183		-0.319298630825		[-0.05167341]		[-1.03697955]
0.767409342918		-0.105197438108		[-0.22648458]		[-1.22554951]
-0.701602783669		-0.0525411517996		[-0.33336902]		[-1.28027537]
0.72538388143		-0.938545596232		[-0.24389079]		[-0.21152055]
-0.592109205319		-0.868552093685		[ 0.3942256]		[-0.09192149]
0.280969803985		0.634572816514		[ 0.3700473]		[-0.56385516]
0.0787238879348		0.963763899725		[ 1.08149091]		[ 0.33385585]
0.616682397923		0.706356829136		[-0.04058522]		[-0.86074093]
-0.51703448606		0.708998290976		[ 0.24724084]		[-0.68566372]
-0.790736001638		-0.355998969188		[-1.31066]		[-2.25763112]
0.625789546088		-0.808365382698		[ 0.18424341]		[-0.39943212]
0.495029430757		0.208252625952		[-0.36121326]		[-0.90706546]
-0.984739791454		-0.989613657064		[-0.03496734]		[ 0.73061298]
0.210732017341		-0.995009250826		[ 1.20025291]		[ 0.59979818]
0.164763983303		-0.659120544859		[-0.45014418]		[-1.36160108]
-0.0647691297682		-0.898854320234		[ 0.03767323]		[-0.85697785]
0.374666826705		0.656858238631		[-0.74588649]		[-1.73907383]
-0.939490885237		0.212109281557		[ 0.69595619]		[-0.06178181]
0.43498191296		0.572118193279		[-1.67048521]		[-2.63510577]
0.784129927598		0.352315542855		[-0.9020386]		[-1.85826346]
-0.425605643362		0.434735832376		[ 0.03785135]		[-0.72178505]
0.229152363604		0.487549037434		[-0.09153757]		[-0.64295924]
-0.294979440853		0.229738408283		[-0.24879913]		[-0.17362776]
0.35537612152		-0.305364262845		[ 0.1330794]		[-0.16569244]
0.298093882132		-0.604558746397		[-0.0320604]		[-0.934512]
0.0196624495249		0.366222670959		[-0.2347505]		[-0.13114097]
0.763046313182		0.427027814949		[ 0.59935538]		[-0.33792688]
-0.782887836552		0.418688734623		[-0.3548303]		[-1.27208533]
-0.290575242965		-0.729491405106		[-0.22367326]		[-1.22367304]
0.808122470382		0.207756602149		[-0.09768741]		[-1.07853875]
0.586676184313		-0.593560755892		[-0.49619944]		[-1.47692053]
0.481126640122		0.617672158276		[-0.27293743]		[-1.27288926]
-0.590040513199		0.28505252746		[-0.55325161]		[-1.42085234]
-0.0704622743227		0.582470664368		[ 0.40680467]		[-0.29367704]
-0.715245237643		0.556393452097		[ 0.13830729]		[-0.74725225]
0.905526042131		-0.675101500347		[ 0.74039043]		[ 0.54716986]
0.797246151168		0.305550705801		[-0.30432677]		[-1.26713666]
0.744272684779		-0.328928678198		[-0.36318241]		[-1.35677346]
-0.442210004493		0.82963776138		[ 0.0824786]		[-0.73201759]
-0.0503778181945		0.64429135232		[ 0.09843917]		[-0.75063764]
-0.0199122348572		-0.545876407433		[-0.63456322]		[-1.21083669]
0.936581249897		0.497749199318		[-0.29559053]		[-0.74835545]
-0.952564027775		-0.607363160787		[ 0.4464893]		[ 0.2541874]
0.948785280786		0.951706998024		[-0.24961792]		[ 0.36588292]
0.470580733631		0.680840908212		[ 0.32980784]		[-0.65595005]
0.501043702041		0.445527294253		[ 0.02244262]		[-0.87374977]
0.891089308562		-0.848113942749		[-0.55276373]		[-0.34594505]
-0.560495453826		0.263060675617		[-0.34346838]		[-1.13040834]
-0.0118323428525		-0.838716581263		[ 0.00370392]		[-0.97356861]
-0.390106315146		-0.561082494183		[-0.2065728]		[-1.12444657]
0.749728652997		0.0200445289205		[ 0.26912647]		[-0.72086408]
0.900361186582		0.613001852755		[-0.17244883]		[-0.52047968]
-0.526116189103		0.91250067576		[-0.6038989]		[-1.08258781]
0.463112220943		0.102669432447		[ 0.2250294]		[-0.09582273]
-0.692578078581		0.552022074376		[ 0.13429517]		[-0.78635823]
-0.215188465775		-0.94301358047		[-0.42685753]		[-1.17374721]
-0.685425138606		0.563804761543		[-0.06637231]		[-0.98410249]
0.579205120328		-0.404779849983		[-0.18590817]		[-1.13668146]
0.226550812919		-0.942631634702		[ 0.24456503]		[-0.49639132]
-0.785065735892		-0.426924150714		[ 0.49234905]		[-0.41537571]
0.0423757645364		-0.446052964998		[ 0.03652072]		[-0.18312273]
0.101587427431		-0.4596172602		[-0.86295637]		[-1.16996114]
0.517702132081		0.192870764565		[ 0.20737993]		[-0.38905566]
0.411701953538		-0.678800321888		[-0.32417052]		[-1.32359308]
0.582251340704		0.373942058436		[-0.58372477]		[-1.51473142]
-0.121048562567		-0.354125873755		[ 0.18485196]		[ 0.2586089]
-0.910450763747		-0.410016873638		[ 0.86656293]		[ 0.20843882]
0.992634074026		-0.536821140642		[ 0.15595555]		[-0.04115705]
0.177540586749		-0.673587126812		[-0.15250164]		[-1.09006988]
0.348838071603		0.539584511357		[-0.56451324]		[-1.4056096]
-0.563358602657		0.7035096524		[-1.72246853]		[-2.61695633]
0.627240665788		-0.898108737171		[ 1.19947546]		[ 0.87490888]
-0.590821504468		0.736388318482		[-0.52391691]		[-1.32908655]
0.346668937849		-0.0062189592		[-0.05561683]		[ 0.12724588]
0.931736053978		0.0347934653184		[-0.2593054]		[-1.0913853]
0.474197980285		-0.78780690633		[-0.09595561]		[-0.95548008]
0.993629921765		-0.500702028553		[ 0.21967233]		[-0.03911423]
-0.132115948815		-0.178236918337		[-0.39092756]		[ 0.24046357]
0.80654229518		0.584564915377		[ 0.10492546]		[-0.56042717]
0.793113035474		0.0384545311868		[ 0.77923645]		[-0.2201655]
-0.303622736716		0.427316280227		[-0.00564129]		[-0.50772363]
-0.597449716762		0.874804280755		[ 0.13500217]		[-0.32231595]
0.52533544998		0.464495486662		[-0.21778185]		[-1.16165023]
0.834721847705		-0.807138455949		[ 0.16456329]		[ 0.09676388]
-0.124484299325		0.754895893135		[-1.02057087]		[-2.01727362]
0.107447203996		-0.10171158995		[-0.21992029]		[ 0.61001046]
0.577743393992		0.268116230602		[ 0.0399028]		[-0.78886637]
0.863367297409		0.912645951242		[-1.02782112]		[-0.72003208]
-0.314934502278		-0.288848367501		[ 0.11468416]		[-0.02342561]
-0.306842702327		-0.814474618561		[ 0.67798974]		[-0.26481979]
0.449792025434		0.451271088079		[-0.42677328]		[-1.25604233]
